00
00
00
00
00
00
00
00
00
00
00
00
00
00
00
00
00
00
00
00
00
00
00
00
00
00
00
00
00
00
00
00
00
00
00
00
00
00
00
00
00
00
00
00
00
00
00
00
00
00
00
00
00
00
00
00
00
00
00
00
00
00
00
00
00
00
00
00
00
00
00
00
00
00
00
00
00
00
00
00
00
00
00
00
00
00
00
00
00
00
00
00
00
00
00
00
00
00
00
00
00
00
00
00
00
00
00
00
00
00
00
00
00
00
00
00
00
00
00
00
00
00
00
00
00
00
00
00
00
00
00
00
00
00
00
00
00
00
00
00
00
00
00
00
00
00
00
00
00
0B
60
43
10
00
00
00
00
00
00
00
00
08
27
03
00
00
00
00
00
00
00
00
00
00
00
00
09
75
7D
55
00
00
00
00
00
00
00
00
08
6E
78
13
00
00
00
00
00
00
00
00
00
00
00
0A
5F
7E
4A
00
00
00
00
00
00
00
00
00
46
7E
32
00
00
00
00
00
00
00
00
00
00
00
00
23
7E
7E
0B
00
00
00
00
00
00
00
00
16
7F
57
07
00
00
00
00
00
00
00
00
00
00
00
0B
4D
7E
30
00
00
00
00
00
00
00
00
16
73
7F
2E
00
00
00
00
00
00
00
00
00
00
00
00
52
7F
66
06
00
00
00
00
00
00
00
00
34
7F
4F
00
00
00
00
00
00
00
00
00
00
00
00
00
51
7E
59
03
00
00
00
00
00
00
05
42
76
7E
00
00
00
00
00
00
00
00
00
00
00
00
00
00
51
7E
7E
60
58
23
23
23
23
43
63
7E
7E
55
00
00
00
00
00
00
00
00
00
00
00
00
00
00
1A
72
7E
7E
7F
7E
7E
7E
7E
7F
7E
7E
6E
12
00
00
00
00
00
00
00
00
00
00
00
00
00
00
00
09
21
45
7F
74
45
45
45
16
7E
7E
51
00
00
00
00
00
00
00
00
00
00
00
00
00
00
00
00
00
00
00
00
00
00
00
00
11
7F
67
0B
00
00
00
00
00
00
00
00
00
00
00
00
00
00
00
00
00
00
00
00
00
00
00
00
50
7E
23
00
00
00
00
00
00
00
00
00
00
00
00
00
00
00
00
00
00
00
00
00
00
00
00
2B
7F
78
19
00
00
00
00
00
00
00
00
00
00
00
00
00
00
00
00
00
00
00
00
00
00
00
00
4F
7F
53
00
00
00
00
00
00
00
00
00
00
00
00
00
00
00
00
00
00
00
00
00
00
00
00
00
73
7A
19
00
00
00
00
00
00
00
00
00
00
00
00
00
00
00
00
00
00
00
00
00
00
00
00
34
7F
74
00
00
00
00
00
00
00
00
00
00
00
00
00
00
00
00
00
00
00
00
00
00
00
00
00
68
7E
4F
00
07
0F
00
00
00
00
00
00
00
00
00
00
00
00
00
00
00
00
00
00
00
00
00
00
68
7E
4D
2E
66
51
00
00
00
00
00
00
00
00
00
00
00
00
00
00
00
00
00
00
00
00
00
00
68
7E
7F
7E
4D
0F
00
00
00
00
00
00
00
00
00
00
00
00
00
00
00
00
00
00
00
00
00
00
1F
5F
40
0C
03
00
00
00
00
00
00
00
00
00
00
00
00
00
00
00
00
00
00
00
00
00
00
00
00
00
00
00
00
00
00
00
00
00
00
00
00
00
00
00
00
00
00
00
00
00
00
00
00
00
00
00
00
00
00
00
00
00
00
00
00
00
00
00
00
00
00
00
00
00
00
00
00
00
00
00
00
00
00
00
00
00
00
00
00
00
00
00
00
00
00
00
00
00
00
