00
00
00
00
00
00
00
00
00
00
00
00
00
00
00
00
00
00
00
00
00
00
00
00
00
00
00
00
00
00
00
00
00
00
00
00
00
00
00
00
00
00
00
00
00
00
00
00
00
00
00
00
00
00
00
00
00
00
00
00
00
00
00
00
00
00
00
00
00
00
00
00
00
00
00
00
00
00
00
00
00
00
00
00
00
00
00
00
00
00
00
00
00
00
3A
3F
56
7F
7F
4B
2F
00
00
00
00
00
00
00
00
00
00
00
00
00
00
00
00
00
00
00
00
55
7E
7E
7E
7E
7E
7E
6D
0F
00
00
00
00
00
00
00
00
00
00
00
00
00
00
00
00
00
00
55
7E
7E
7E
6B
47
58
7E
7E
3D
00
00
00
00
00
00
00
00
00
00
00
00
00
00
00
00
00
1A
7D
7E
69
10
06
00
03
67
7E
46
00
00
00
00
00
00
00
00
00
00
00
00
00
00
00
00
00
27
7D
69
0D
00
00
00
3D
7C
7E
21
00
00
00
00
00
00
00
00
00
00
00
00
00
00
00
00
00
00
10
09
00
00
00
00
69
7E
7E
21
00
00
00
00
00
00
00
00
00
00
00
00
00
00
00
00
00
00
00
00
00
00
00
3B
7B
7E
63
05
00
00
00
00
00
00
00
00
00
00
00
00
00
00
00
00
00
00
00
00
00
00
26
7B
7E
73
20
00
00
00
00
00
00
00
00
00
00
00
00
00
00
00
00
00
00
00
00
00
00
00
40
7E
7E
48
00
00
00
00
00
00
00
00
00
00
00
00
00
00
00
00
00
00
00
00
00
00
00
58
7B
7E
50
06
00
00
00
00
00
00
00
00
00
00
00
00
00
00
00
00
00
00
00
00
00
00
0D
75
7E
74
12
00
00
00
00
00
00
00
00
00
00
00
00
00
00
00
00
00
00
00
00
00
00
00
63
7E
7E
47
00
00
00
00
00
00
00
00
00
00
00
00
00
00
00
00
00
00
00
00
00
00
00
27
7C
7E
5F
06
00
00
00
00
00
00
00
00
00
00
00
00
00
00
00
00
00
00
00
00
00
00
0A
64
7E
7E
47
00
00
00
00
00
00
00
00
00
00
00
00
00
00
00
00
00
00
00
00
00
00
00
43
7E
7E
57
06
00
00
00
00
00
00
00
00
00
00
00
00
00
00
00
00
00
00
00
00
00
00
00
7C
7E
7E
0D
00
00
00
00
00
00
00
00
00
00
00
00
00
00
00
00
00
00
00
00
00
00
00
00
7C
7E
7E
16
0A
0A
0A
0A
03
00
03
0A
0A
13
4B
4B
4B
4A
05
00
00
00
00
00
00
00
00
00
7C
7E
7E
7E
7E
7E
7E
7E
54
48
53
7E
7E
7E
7E
7E
7E
7E
3E
00
00
00
00
00
00
00
00
00
57
7E
7E
7E
7E
7E
7E
7E
7E
7E
7E
7E
7C
7B
7B
55
3B
3B
1D
00
00
00
00
00
00
00
00
00
00
3B
3E
3E
3E
53
7E
7E
7E
4E
3E
3E
15
00
00
00
00
00
00
00
00
00
00
00
00
00
00
00
00
00
00
00
00
00
00
00
00
00
00
00
00
00
00
00
00
00
00
00
00
00
00
00
00
00
00
00
00
00
00
00
00
00
00
00
00
00
00
00
00
00
00
00
00
00
00
00
00
00
00
00
00
00
00
00
00
00
00
00
00
00
00
00
00
00
00
00
00
00
00
00
00
00
00
00
00
00
00
00
00
00
00
00
00
00
00
00
00
00
00
00
00
00
00
00
00
00
00
00
00
00
00
00
00
00
00
00
00
00
00
00
00
00
00
00
00
00
00
00
00
00
00
00
00
00
00
00
00
00
00
00
