00
00
00
00
00
00
00
00
00
00
00
00
00
00
00
00
00
00
00
00
00
00
00
00
00
00
00
00
00
00
00
00
00
00
00
00
00
00
00
00
00
00
00
00
00
00
00
00
00
00
00
00
00
00
00
00
00
00
00
00
00
00
00
00
00
00
00
00
00
00
00
00
00
00
00
00
00
00
00
00
00
00
00
00
00
00
00
00
00
00
00
00
00
00
00
00
00
00
00
00
00
00
00
00
00
00
00
00
00
00
00
00
00
00
00
00
00
00
00
00
00
00
00
00
00
00
00
00
00
00
00
00
00
00
00
00
00
00
00
00
00
00
00
00
00
00
00
00
00
00
00
00
00
00
00
00
00
00
00
00
00
00
00
00
00
00
00
00
00
00
00
00
00
00
00
00
00
00
00
00
00
00
00
00
00
00
00
00
00
00
00
00
00
00
00
00
00
00
00
00
00
00
00
00
00
00
00
00
00
12
1C
45
65
64
30
13
00
00
00
00
00
00
00
00
00
00
00
00
00
00
00
00
00
00
00
17
4C
75
7F
7F
7F
7F
7F
7D
6A
4C
03
00
00
00
00
00
00
00
00
00
00
00
00
00
00
17
4D
78
7F
7F
72
53
43
7D
64
7F
72
71
34
00
00
00
00
00
00
00
00
00
00
00
00
00
4D
75
7F
7F
5E
47
04
00
00
60
14
63
7B
70
7E
0B
00
00
00
00
00
00
00
00
00
00
04
3F
7E
7F
74
40
06
00
00
00
00
69
16
23
7F
7F
7F
0B
00
00
00
00
00
00
00
00
00
00
24
79
7F
72
1B
00
00
00
00
02
10
3A
71
79
7F
7F
51
03
00
00
00
00
00
00
00
00
00
00
26
78
7F
70
37
45
59
59
55
69
7D
73
7F
7F
7F
74
13
00
00
00
00
00
00
00
00
00
00
00
05
58
7A
7E
7F
7F
7F
7D
7F
7F
7F
7F
7F
7E
56
0D
00
00
00
00
00
00
00
00
00
00
00
00
00
00
08
44
62
58
49
4D
64
7F
7F
7F
7F
4B
08
00
00
00
00
00
00
00
00
00
00
00
00
00
00
00
00
00
00
00
00
00
51
7F
7F
78
32
02
00
00
00
00
00
00
00
00
00
00
00
00
00
00
00
00
00
00
00
00
00
3B
7D
7F
7F
2D
00
00
00
00
00
00
00
00
00
00
00
00
00
00
00
00
00
00
00
00
00
00
32
79
7F
7F
6A
04
00
00
00
00
00
00
00
00
00
00
00
00
00
00
00
00
00
00
00
00
00
1B
78
7F
7F
79
1E
00
00
00
00
00
00
00
00
00
00
00
00
00
00
00
00
00
00
00
00
00
00
42
7F
7F
7A
20
00
00
00
00
00
00
00
00
00
00
00
00
00
00
00
00
00
00
00
00
00
00
07
7C
7F
7F
4C
00
00
00
00
00
00
00
00
00
00
00
00
00
00
00
00
00
00
00
00
00
00
06
72
7F
7F
68
04
00
00
00
00
00
00
00
00
00
00
00
00
00
00
00
00
00
00
00
00
00
00
27
7F
7F
7F
21
00
00
00
00
00
00
00
00
00
00
00
00
00
00
00
00
00
00
00
00
00
00
00
69
7F
7F
45
00
00
00
00
00
00
00
00
00
00
00
00
00
00
00
00
00
00
00
00
00
00
00
00
72
7F
74
0D
00
00
00
00
00
00
00
00
00
00
00
00
00
00
00
00
00
00
00
00
00
00
00
00
39
7F
36
00
00
00
00
00
00
00
00
00
00
00
00
00
00
00
00
00
00
00
00
00
00
00
00
00
00
00
00
00
00
00
00
00
00
00
00
00
00
00
00
00
00
00
00
