00
00
00
00
00
00
00
00
00
00
00
00
00
00
00
00
00
00
00
00
00
00
00
00
00
00
00
00
00
00
00
00
00
00
00
00
00
00
00
00
00
00
00
00
00
00
00
00
00
00
00
00
00
00
00
00
00
00
00
00
00
00
00
00
00
00
00
00
00
00
00
00
00
00
00
00
00
00
00
00
00
00
00
00
00
00
00
00
00
00
00
00
00
00
00
00
00
00
00
00
00
00
00
00
00
00
00
00
00
00
00
00
00
00
00
00
00
00
00
00
00
00
00
00
00
00
00
00
00
00
00
00
00
00
00
00
00
00
00
00
00
00
00
00
00
00
00
00
00
00
19
70
00
00
00
00
00
00
00
23
0F
00
00
00
00
00
00
00
00
00
00
00
00
00
00
00
00
00
3D
73
00
00
00
00
00
00
00
4A
54
00
00
00
00
00
00
00
00
00
00
00
00
00
00
00
00
02
62
73
00
00
00
00
00
00
00
30
69
06
00
00
00
00
00
00
00
00
00
00
00
00
00
00
00
23
7E
43
00
00
00
00
00
00
00
39
7E
0B
00
00
00
00
00
00
00
00
00
00
00
00
00
00
17
76
6D
06
00
00
00
00
00
00
00
60
7E
0B
00
00
00
00
00
00
00
00
00
00
00
00
00
00
54
7B
1B
00
00
00
00
00
00
00
09
7F
7E
0B
00
00
00
00
00
00
00
00
00
00
00
00
00
2A
79
6A
00
00
00
00
00
00
00
00
47
7E
5F
03
00
00
00
00
00
00
00
00
00
00
00
00
00
55
7E
35
00
00
00
00
00
00
00
10
74
7D
21
00
00
00
00
00
00
00
00
00
00
00
00
00
08
71
7E
00
00
00
00
00
00
00
00
43
7E
6A
00
00
00
00
00
00
00
00
00
00
00
00
00
00
0B
7E
52
00
00
00
00
00
00
00
00
55
7E
54
00
00
00
00
00
00
00
00
00
00
00
00
00
00
05
66
69
09
00
00
00
00
00
00
0B
7E
7E
36
00
00
00
00
00
00
00
00
00
00
00
00
00
00
00
55
7E
64
2B
2B
2B
2B
41
52
62
7E
7E
35
00
00
00
00
00
00
00
00
00
00
00
00
00
00
00
15
55
7A
7E
7E
7E
7E
74
73
7D
7E
7E
05
00
00
00
00
00
00
00
00
00
00
00
00
00
00
00
00
00
19
2A
2A
2A
2A
00
00
51
7E
7E
00
00
00
00
00
00
00
00
00
00
00
00
00
00
00
00
00
00
00
00
00
00
00
00
00
40
7E
7E
17
00
00
00
00
00
00
00
00
00
00
00
00
00
00
00
00
00
00
00
00
00
00
00
00
40
7E
7E
00
00
00
00
00
00
00
00
00
00
00
00
00
00
00
00
00
00
00
00
00
00
00
00
00
40
7E
7E
00
00
00
00
00
00
00
00
00
00
00
00
00
00
00
00
00
00
00
00
00
00
00
00
00
44
7E
7A
00
00
00
00
00
00
00
00
00
00
00
00
00
00
00
00
00
00
00
00
00
00
00
00
00
74
76
38
00
00
00
00
00
00
00
00
00
00
00
00
00
00
00
00
00
00
00
00
00
00
00
00
00
5A
21
00
00
00
00
00
00
00
00
00
00
00
00
00
00
00
00
00
00
00
00
00
00
00
00
00
00
00
00
00
00
00
00
00
00
00
00
00
00
00
00
00
00
00
00
00
00
00
00
00
00
00
00
00
00
00
00
00
00
00
00
00
00
00
00
00
00
00
00
00
00
00
00
00
00
00
00
00
00
00
00
00
00
00
00
00
00
00
00
00
00
00
00
00
00
