00
00
00
00
00
00
00
00
00
00
00
00
00
00
00
00
00
00
00
00
00
00
00
00
00
00
00
00
00
00
00
00
00
00
00
00
00
00
00
00
00
00
00
00
00
00
00
00
00
00
00
00
00
00
00
00
00
00
00
00
00
00
00
00
00
00
00
00
00
00
00
00
00
00
00
00
00
00
00
00
00
00
00
00
00
00
00
00
00
00
00
00
00
00
00
00
00
00
00
00
00
00
00
00
00
00
00
00
00
00
00
00
00
00
00
00
00
00
00
00
00
00
00
00
06
4B
7E
65
10
00
00
00
00
00
00
00
00
00
00
00
00
00
00
00
00
00
00
00
00
00
00
00
13
7D
7D
7E
36
00
00
00
00
00
00
00
00
00
00
00
00
00
00
00
00
00
00
00
00
00
00
0B
63
7D
7D
7E
36
00
00
00
00
00
00
00
00
00
00
00
00
00
00
00
00
00
00
00
00
00
37
5F
7D
7D
7D
7E
55
37
1F
00
00
00
00
00
00
00
00
00
00
00
00
00
00
00
00
00
00
00
7E
7D
7D
7D
7D
7E
7D
7D
6E
1A
00
00
00
00
00
00
00
00
00
00
00
00
00
00
00
00
00
5B
7F
7E
7E
7E
7E
75
6F
7E
7E
7E
00
00
00
00
00
00
00
00
00
00
00
00
00
00
00
00
20
6F
7E
7D
7D
7D
4A
27
1F
40
7D
7D
35
00
00
00
00
00
00
00
00
00
00
00
00
00
00
10
73
7D
7E
7D
6E
45
05
00
00
10
73
7D
79
39
03
00
00
00
00
00
00
00
00
00
00
00
00
13
7D
7D
7E
5E
0A
00
00
00
00
00
37
7D
7E
7D
12
00
00
00
00
00
00
00
00
00
00
00
00
13
7D
7D
65
0F
00
00
00
00
00
00
10
64
7E
7D
12
00
00
00
00
00
00
00
00
00
00
00
00
13
7E
7E
00
00
00
00
00
00
00
00
10
65
7F
7E
52
00
00
00
00
00
00
00
00
00
00
00
00
46
7D
7D
00
00
00
00
00
00
00
00
37
7D
7E
7D
12
00
00
00
00
00
00
00
00
00
00
00
00
6D
7D
7D
00
00
00
00
00
00
0B
20
73
7D
7E
73
0F
00
00
00
00
00
00
00
00
00
00
00
00
6D
7D
7D
00
00
00
00
00
00
48
7D
7D
7D
6F
1F
00
00
00
00
00
00
00
00
00
00
00
00
00
6D
7D
7D
00
00
00
00
00
5B
6F
7D
7D
7D
5A
00
00
00
00
00
00
00
00
00
00
00
00
00
00
6D
7E
7E
25
25
72
7E
7E
7F
7E
7E
7E
7E
00
00
00
00
00
00
00
00
00
00
00
00
00
00
00
39
7D
7D
7E
7D
7D
7D
7D
7E
7D
7D
7D
4A
00
00
00
00
00
00
00
00
00
00
00
00
00
00
00
10
73
7D
7E
7D
7D
7D
7D
7E
73
5F
12
05
00
00
00
00
00
00
00
00
00
00
00
00
00
00
00
00
1F
47
7E
7D
7D
7D
7D
7E
36
00
00
00
00
00
00
00
00
00
00
00
00
00
00
00
00
00
00
00
00
00
24
57
7D
57
24
24
0F
00
00
00
00
00
00
00
00
00
00
00
00
00
00
00
00
00
00
00
00
00
00
00
00
00
00
00
00
00
00
00
00
00
00
00
00
00
00
00
00
00
00
00
00
00
00
00
00
00
00
00
00
00
00
00
00
00
00
00
00
00
00
00
00
00
00
00
00
00
00
00
00
00
00
00
00
00
00
00
00
00
00
00
00
00
00
00
00
00
00
00
00
00
00
00
00
00
00
00
00
00
00
00
00
00
00
00
00
00
00
00
00
00
00
00
00
00
00
00
00
00
00
00
