00
00
00
00
00
00
00
00
00
00
00
00
00
00
00
00
00
00
00
00
00
00
00
00
00
00
00
00
00
00
00
00
00
00
00
00
00
00
00
00
00
00
00
00
00
00
00
00
00
00
00
00
00
00
00
00
00
00
00
00
00
00
00
00
00
00
00
00
00
00
00
00
00
00
00
00
00
00
00
00
00
00
00
00
00
00
00
00
00
00
00
00
00
00
00
00
00
00
00
00
00
00
00
00
00
00
00
00
00
00
00
00
00
00
00
00
00
00
00
00
00
00
00
00
00
00
00
00
00
00
00
00
00
00
00
00
00
00
00
00
00
00
00
00
00
00
00
00
00
00
00
00
00
00
00
00
00
00
00
00
00
00
00
00
00
00
00
00
00
00
00
00
00
00
00
00
00
00
00
07
4B
61
03
00
00
00
00
00
00
00
00
00
00
00
00
00
00
00
00
00
00
00
00
00
00
00
2E
70
7E
7E
0A
00
00
00
00
00
00
00
00
00
00
00
00
00
00
00
00
00
00
00
00
00
00
0E
75
7F
7E
7E
53
09
00
00
00
00
00
00
00
00
00
00
00
00
00
00
00
00
00
00
00
00
00
48
7E
7F
7E
7E
7E
77
3A
03
00
00
00
00
00
00
00
00
00
00
00
00
00
00
00
00
00
00
10
78
7E
68
5D
7E
7E
7E
73
0C
00
00
00
00
00
00
00
00
00
00
00
00
00
00
00
00
00
00
28
7F
61
00
04
31
6E
7F
7F
65
09
00
00
00
00
00
00
00
00
00
00
00
00
00
00
00
00
00
2B
7E
28
00
00
00
5B
7E
7F
60
06
00
00
00
00
00
00
00
00
00
00
00
00
00
00
00
00
00
58
7E
4E
00
00
00
75
7E
7F
44
00
00
00
00
00
00
00
00
00
00
00
00
00
00
00
00
00
00
2B
7E
68
14
2B
53
7D
76
7F
76
15
00
00
00
00
00
00
00
00
00
00
00
00
00
00
00
00
00
09
77
7E
7F
7E
7E
5D
12
6C
7E
4C
00
00
00
00
00
00
00
00
00
00
00
00
00
00
00
00
00
00
22
78
7F
7F
49
04
00
43
7F
70
12
00
00
00
00
00
00
00
00
00
00
00
00
00
00
00
00
00
00
22
4F
47
06
00
00
05
58
7E
51
00
00
00
00
00
00
00
00
00
00
00
00
00
00
00
00
00
00
00
00
00
00
00
00
00
2C
7E
71
09
00
00
00
00
00
00
00
00
00
00
00
00
00
00
00
00
00
00
00
00
00
00
00
00
01
53
7E
3F
00
00
00
00
00
00
00
00
00
00
00
00
00
00
00
00
00
00
00
00
00
00
00
00
00
18
7A
7E
13
00
00
00
00
00
00
00
00
00
00
00
00
00
00
00
00
00
00
00
00
00
00
00
00
00
3A
7F
56
05
00
00
00
00
00
00
00
00
00
00
00
00
00
00
00
00
00
00
00
00
00
00
00
00
0B
6D
7F
17
00
00
00
00
00
00
00
00
00
00
00
00
00
00
00
00
00
00
00
00
00
00
00
00
00
0F
7F
53
00
00
00
00
00
00
00
00
00
00
00
00
00
00
00
00
00
00
00
00
00
00
00
00
00
00
5D
7A
15
00
00
00
00
00
00
00
00
00
00
00
00
00
00
00
00
00
00
00
00
00
00
00
00
00
07
70
27
00
00
00
00
00
00
00
00
00
00
00
00
00
00
00
00
00
00
00
00
00
00
00
00
00
00
00
00
00
00
00
00
00
00
00
00
00
00
00
00
00
00
00
00
00
00
00
00
00
00
00
00
00
00
00
00
00
00
00
00
