00
00
00
00
00
00
00
00
00
00
00
00
00
00
00
00
00
00
00
00
00
00
00
00
00
00
00
00
00
00
00
00
00
00
00
00
00
00
00
00
00
00
00
00
00
00
00
00
00
00
00
00
00
00
00
00
00
00
00
00
00
00
00
00
00
00
00
00
00
00
00
00
00
00
00
00
00
00
00
00
00
00
00
00
00
00
00
00
00
00
00
00
00
00
00
00
00
00
00
00
00
00
00
00
00
00
00
00
00
00
00
00
00
00
00
00
00
00
00
00
00
00
00
00
00
00
00
00
00
09
18
18
18
08
41
2B
18
00
00
00
00
00
00
00
00
00
00
00
00
00
00
00
00
00
00
26
4D
6D
7E
7E
7E
6C
7B
7E
7E
00
00
00
00
00
00
00
00
00
00
00
00
00
00
00
12
47
7A
7E
7E
7E
7E
7E
7E
7E
7E
7E
7E
00
00
00
00
00
00
00
00
00
00
00
00
00
00
00
20
7E
7E
7E
7E
7E
7E
7E
6B
55
55
55
55
00
00
00
00
00
00
00
00
00
00
00
0A
42
24
00
1D
77
72
77
54
3E
23
0A
06
00
00
00
00
00
00
00
00
00
00
00
00
00
00
06
67
7E
27
00
00
10
00
0F
01
00
00
00
00
00
00
00
00
00
00
00
00
00
00
00
00
00
03
59
7E
42
05
00
00
00
00
00
00
00
00
00
00
00
00
00
00
00
00
00
00
00
00
00
00
06
43
7E
74
08
00
00
00
00
00
00
00
00
00
00
00
00
00
00
00
00
00
00
00
00
00
00
00
2E
7E
70
0E
00
00
00
00
00
00
00
00
00
00
00
00
00
00
00
00
00
00
00
00
00
00
00
00
4B
7E
57
00
00
00
00
00
00
00
00
00
00
00
00
00
00
00
00
00
00
00
00
00
00
00
00
00
75
7E
7B
40
19
00
00
00
00
00
00
00
00
00
00
00
00
00
00
00
00
00
00
00
00
00
00
00
7F
7E
7E
7E
7D
4A
2E
3D
2B
15
15
2B
0E
00
00
00
00
00
00
00
00
00
00
00
00
00
00
00
46
7E
7E
7E
7E
7E
7E
7E
7E
7E
7E
7E
74
54
00
00
00
00
00
00
00
00
00
00
00
00
00
00
02
1B
6D
6F
7D
7E
7E
7E
7E
7E
7E
7E
7E
7E
3E
00
00
00
00
00
00
00
00
00
00
00
00
00
00
00
00
00
22
24
64
7E
7E
7E
7E
7E
7E
7E
58
00
00
00
00
00
00
00
00
00
00
00
00
00
00
00
00
00
00
00
3C
7E
7C
4C
1A
52
7E
7E
58
00
00
00
00
00
00
00
00
00
00
00
00
00
00
00
00
00
00
00
19
7E
7E
7E
5E
7E
7E
7E
4A
00
00
00
00
00
00
00
00
00
00
00
00
00
00
00
00
00
00
00
05
54
7E
7E
7E
7E
7D
58
06
00
00
00
00
00
00
00
00
00
00
00
00
00
00
00
00
00
00
00
00
0C
5A
73
7E
6F
40
00
00
00
00
00
00
00
00
00
00
00
00
00
00
00
00
00
00
00
00
00
00
00
00
2F
4B
0B
00
00
00
00
00
00
00
00
00
00
00
00
00
00
00
00
00
00
00
00
00
00
00
00
00
00
00
00
00
00
00
00
00
00
00
00
00
00
00
00
00
00
00
00
00
00
00
00
00
00
00
00
00
00
00
00
00
00
00
00
00
00
00
00
00
00
00
00
00
00
00
00
00
00
00
00
00
00
00
00
00
00
00
00
00
00
00
00
00
00
00
00
00
00
00
00
00
00
00
00
00
00
00
00
00
00
00
00
00
00
00
00
00
00
00
00
00
00
00
00
00
00
00
